35 35 200
245 28
1 2 4 5 6 7 8 9 10 12 13 14 15 16 19 20 23 24 25 27 28 29 30 31 32 33 34 35
205 28
1 2 3 4 5 6 7 9 10 11 12 13 15 16 17 18 19 20 22 23 25 26 27 28 29 32 33 34
187 28
1 2 3 4 5 6 7 8 9 10 11 14 15 16 17 18 20 21 22 23 24 26 27 28 29 30 33 35
242 28
1 2 3 4 5 6 8 9 10 11 12 13 16 17 19 20 21 22 23 25 26 27 28 29 30 31 32 33
116 28
1 2 4 5 6 7 9 10 12 14 15 16 17 18 19 20 23 24 25 26 28 29 30 31 32 33 34 35
171 28
1 2 3 4 5 6 7 8 9 10 11 12 13 17 19 21 22 23 24 25 26 27 28 29 30 31 32 35
102 28
1 2 3 4 5 6 7 8 9 10 11 12 16 17 18 19 21 22 23 24 25 26 27 28 29 33 34 35
154 28
1 2 3 4 5 7 8 9 10 11 12 13 14 15 16 17 18 19 20 21 23 25 26 27 29 30 33 35
294 28
2 3 4 5 6 7 8 9 10 11 12 14 15 16 17 18 19 20 22 23 24 29 30 31 32 33 34 35
288 28
1 2 3 4 6 9 10 11 12 13 14 15 16 17 18 19 20 21 22 23 24 25 26 27 29 32 33 35
244 28
1 2 3 4 5 6 7 8 9 10 11 13 14 15 16 17 19 20 21 22 23 24 25 28 30 31 32 35
219 28
1 2 4 5 6 8 9 11 12 13 14 15 16 17 18 19 20 22 23 25 26 27 28 30 31 32 34 35
122 28
2 3 4 5 7 8 9 10 11 12 13 14 15 17 18 19 20 22 23 24 25 26 27 28 29 32 34 35
291 28
2 4 5 6 7 9 10 11 13 14 15 16 17 18 19 20 21 24 25 26 27 28 29 31 32 33 34 35
169 28
1 3 4 5 6 7 9 10 11 13 16 17 18 19 20 22 23 24 25 26 27 28 29 30 31 32 34 35
252 28
1 2 3 4 6 7 8 10 11 12 13 14 15 16 17 18 19 20 21 23 25 27 28 30 32 33 34 35
221 28
1 2 3 4 5 7 8 9 11 12 14 15 16 17 18 20 21 22 24 26 27 28 29 30 31 32 33 35
215 28
1 2 3 4 5 6 7 8 9 10 11 12 13 14 15 16 19 21 22 24 25 27 29 31 32 33 34 35
102 28
1 2 3 5 6 7 8 9 10 11 12 13 14 15 16 17 21 23 24 25 27 28 29 30 31 33 34 35
296 28
2 3 5 6 7 8 9 10 12 13 14 15 16 17 19 20 21 22 23 24 25 26 27 28 29 32 33 35
170 28
1 2 5 6 7 8 9 10 11 12 14 15 16 17 18 19 20 21 22 24 25 26 27 28 29 30 31 34
210 28
1 2 3 4 7 10 11 12 13 15 16 17 18 19 20 21 22 23 24 25 26 27 28 29 30 32 33 35
207 28
2 3 4 5 6 7 8 9 10 11 15 16 18 19 20 21 22 23 24 25 26 27 28 29 30 32 34 35
156 28
1 3 4 6 8 10 11 12 13 15 16 17 18 19 20 21 22 23 24 25 26 27 28 29 31 33 34 35
215 28
1 2 3 4 6 7 10 11 12 13 14 15 16 17 18 19 20 21 22 23 24 25 28 30 31 33 34 35
119 28
1 2 3 4 5 7 8 10 12 13 14 15 16 18 19 20 21 22 23 24 25 26 30 31 32 33 34 35
237 28
1 3 4 5 6 8 9 10 12 14 17 18 19 20 21 23 24 25 26 27 28 29 30 31 32 33 34 35
187 28
1 3 4 5 6 7 8 9 10 11 12 13 14 15 16 17 19 20 22 23 24 25 26 27 29 32 33 35
112 28
1 2 3 5 6 7 8 9 10 11 12 13 15 16 17 18 20 22 23 24 25 26 27 28 29 30 32 34
248 28
1 3 4 6 7 8 9 10 12 13 14 15 16 17 18 20 21 22 23 24 26 27 29 30 31 32 33 35
178 28
1 3 4 5 7 8 9 10 11 13 14 15 16 17 18 20 21 22 23 24 25 26 29 30 31 32 33 34
159 28
1 2 3 4 5 6 8 11 12 13 14 15 17 18 19 20 21 24 25 26 27 29 30 31 32 33 34 35
140 28
1 2 3 4 5 6 7 8 9 10 11 12 13 14 16 17 18 20 21 22 24 26 29 30 31 33 34 35
247 28
1 2 3 4 5 7 8 9 10 11 12 13 14 15 16 18 19 21 22 23 24 26 29 30 31 32 33 35
240 28
1 2 4 5 6 7 8 9 10 11 12 13 15 17 18 19 20 22 23 24 26 27 28 29 30 33 34 35
