42 42 77
43 33
1 3 4 5 6 7 8 9 10 12 14 15 16 17 18 19 20 21 22 24 26 27 28 29 31 32 33 35 36 37 38 40 42
70 33
1 2 3 5 6 7 8 9 12 14 15 16 18 19 20 21 22 24 25 26 27 28 29 30 32 33 34 35 37 38 39 40 41
73 33
1 2 3 5 7 9 10 11 12 13 14 15 16 17 18 19 20 21 22 24 25 26 27 28 29 30 31 33 34 36 37 38 42
93 33
2 3 4 5 6 8 9 11 12 13 14 15 17 18 20 21 22 23 24 25 26 27 28 30 31 33 34 36 37 38 39 41 42
98 33
2 4 5 6 8 9 10 11 12 13 14 15 16 18 19 22 24 25 26 27 28 29 30 31 33 34 35 36 37 38 39 41 42
94 33
2 4 6 7 8 10 12 13 14 16 17 18 19 20 22 23 24 25 26 27 28 29 30 31 32 33 34 35 36 37 38 40 41
86 33
1 2 3 5 6 8 9 10 11 12 13 14 16 17 18 19 20 23 24 25 26 27 29 31 32 34 35 36 37 39 40 41 42
71 33
1 2 3 4 5 6 7 8 9 10 13 14 15 16 17 18 19 20 22 23 24 25 26 28 30 32 33 34 35 36 38 40 41
100 33
1 2 4 5 6 7 8 10 11 12 14 15 16 20 21 22 23 26 27 28 29 30 31 32 33 34 35 36 37 38 39 41 42
110 33
1 2 3 4 5 6 9 10 11 13 15 16 17 18 20 21 22 23 25 26 27 28 29 30 32 33 34 35 36 38 39 41 42
72 33
3 4 5 7 8 9 10 12 13 14 15 16 17 18 20 21 23 24 26 27 28 29 30 31 32 33 34 36 37 39 40 41 42
86 33
1 2 3 4 5 7 8 11 12 13 14 15 16 19 20 22 24 25 26 27 28 29 31 32 33 34 36 37 38 39 40 41 42
73 33
1 2 3 5 7 8 9 10 11 12 14 15 16 17 18 20 21 22 23 24 25 28 29 30 32 33 34 35 37 39 40 41 42
74 33
1 2 3 4 5 6 7 8 9 10 11 12 14 15 18 19 21 22 23 24 25 27 28 29 31 32 33 35 37 38 39 40 42
70 33
1 4 5 6 7 9 10 11 12 14 18 19 20 21 22 23 24 25 26 27 28 29 30 31 33 34 35 36 37 38 39 40 41
41 33
3 4 5 6 9 10 11 12 13 14 16 17 18 19 20 21 22 23 24 25 26 28 29 30 31 32 33 34 35 38 40 41 42
97 33
2 3 4 5 6 7 9 10 11 12 14 15 16 18 21 22 24 25 26 27 28 29 30 32 33 34 35 37 38 39 40 41 42
108 33
1 2 4 5 7 8 9 10 11 13 14 15 18 20 23 24 25 26 27 28 29 30 31 32 33 34 35 36 37 38 39 40 41
41 33
1 2 3 4 5 6 8 9 12 14 16 17 18 19 20 21 22 23 24 26 28 29 30 31 33 34 35 36 37 38 39 40 41
83 33
1 2 3 5 6 7 8 9 12 13 14 15 16 17 20 21 22 23 25 26 27 28 29 30 31 32 35 37 38 39 40 41 42
49 33
1 3 4 5 6 7 8 9 11 12 13 14 16 17 20 21 22 23 24 25 27 29 30 31 32 35 36 37 38 39 40 41 42
85 33
1 2 4 5 6 7 9 10 11 13 14 15 16 17 18 19 20 21 23 25 26 27 30 31 32 34 35 36 37 38 39 40 42
42 33
1 2 4 5 6 7 8 9 11 12 14 15 16 17 18 19 20 22 23 24 25 26 27 28 30 31 33 35 36 38 39 40 42
87 33
1 2 3 4 5 6 7 8 10 11 12 13 14 15 18 22 24 25 26 27 28 29 30 31 32 33 34 35 36 38 40 41 42
56 33
2 3 4 6 8 9 10 11 12 13 14 15 16 17 18 19 20 21 22 24 25 27 30 31 32 33 35 36 37 38 39 41 42
80 33
1 2 3 4 6 8 9 10 11 12 13 14 17 18 19 20 21 23 25 26 27 28 29 30 31 32 33 34 35 36 37 39 42
108 33
1 3 4 6 7 8 9 10 11 12 13 14 15 16 17 18 19 20 22 24 25 27 28 30 31 32 33 36 37 38 40 41 42
72 33
1 2 3 4 5 6 10 11 12 13 14 15 16 17 18 19 20 21 22 23 24 25 26 27 28 29 31 33 34 37 39 40 41
88 33
1 2 3 4 5 6 7 8 9 10 11 12 13 15 19 21 22 24 25 26 27 28 29 31 32 33 34 35 37 38 40 41 42
77 33
1 2 3 4 5 6 7 8 9 10 11 12 13 14 15 16 17 18 20 21 24 26 29 30 31 32 33 35 37 38 39 40 42
94 33
1 2 3 4 5 6 7 8 9 10 11 12 14 17 18 19 20 21 27 28 29 30 31 32 33 34 35 36 37 38 39 40 41
95 33
1 2 3 4 5 6 7 8 9 10 11 12 13 15 16 18 19 21 22 23 26 27 28 29 30 31 33 34 35 38 39 40 41
113 33
2 3 4 5 6 8 9 10 11 13 14 16 17 18 19 20 21 23 24 25 26 27 28 29 31 34 35 36 37 38 39 40 41
100 33
1 2 3 4 6 7 8 9 10 11 12 14 15 17 18 20 21 22 24 25 26 28 30 31 32 34 35 36 37 38 40 41 42
87 33
2 3 4 5 6 7 8 9 10 13 14 15 16 17 18 22 23 24 25 26 27 28 29 30 31 34 35 36 37 38 39 40 41
52 33
1 2 3 4 5 6 7 8 9 10 14 15 16 17 18 19 20 21 22 23 24 26 27 28 30 31 33 34 35 36 40 41 42
92 33
1 2 4 5 7 8 10 12 13 14 15 16 17 18 19 20 21 22 23 24 25 26 28 29 30 32 33 34 35 36 39 40 41
112 33
1 3 4 5 6 7 8 10 11 12 13 14 16 17 19 20 21 22 23 24 25 26 27 28 29 31 36 37 38 39 40 41 42
89 33
1 2 3 5 6 8 9 10 11 12 13 14 15 17 18 19 20 21 22 24 26 27 29 30 34 35 36 37 38 39 40 41 42
90 33
1 2 3 4 5 6 8 9 10 11 12 13 14 16 17 19 21 22 23 24 25 26 27 28 29 31 32 36 37 39 40 41 42
61 33
2 3 6 8 9 10 11 12 13 14 16 17 18 19 20 21 22 24 25 26 27 28 29 30 31 32 33 34 35 36 37 39 40
88 33
1 2 3 4 5 6 7 8 10 12 14 16 18 19 20 21 23 24 25 26 27 29 30 31 32 33 34 35 37 39 40 41 42
