25 25 100
113 20
1 3 4 5 6 8 9 10 11 12 13 14 16 17 18 19 20 22 24 25
79 20
1 2 3 4 5 6 9 10 11 12 13 15 16 17 19 20 21 22 24 25
103 20
1 2 3 4 5 6 8 9 10 11 12 13 15 17 18 20 21 23 24 25
72 20
1 2 3 4 5 6 8 9 12 14 15 16 17 18 19 20 22 23 24 25
134 20
1 2 4 5 6 8 9 10 12 14 15 16 17 19 20 21 22 23 24 25
106 20
1 2 3 4 5 7 8 9 10 11 12 15 16 18 19 20 21 22 23 25
79 20
1 2 3 4 5 6 7 9 11 12 13 14 16 17 18 19 20 21 23 24
147 20
1 2 3 4 5 7 9 10 12 13 14 15 16 17 18 19 22 23 24 25
123 20
1 2 4 5 8 9 10 11 12 14 16 17 18 19 20 21 22 23 24 25
111 20
1 2 3 4 5 6 7 8 9 11 12 13 14 17 18 19 21 22 24 25
110 20
1 2 4 5 6 7 8 9 10 11 14 15 17 18 19 20 21 23 24 25
98 20
2 3 5 6 7 9 11 12 13 14 15 16 17 18 19 20 21 22 23 24
65 20
1 2 3 5 6 7 9 10 11 12 13 15 16 17 18 19 21 22 23 25
50 20
1 3 4 5 6 7 8 9 11 12 13 14 16 17 18 19 20 22 23 24
97 20
1 2 3 4 5 7 9 10 11 12 13 15 16 17 18 20 21 22 23 25
52 20
2 3 4 5 6 7 8 9 11 12 13 14 17 18 19 20 22 23 24 25
106 20
2 3 4 6 7 8 9 11 12 13 14 15 16 18 19 20 21 22 23 24
50 20
1 2 3 4 5 6 7 8 9 10 12 15 16 17 18 19 21 22 23 25
66 20
2 3 4 5 6 8 9 10 11 12 13 14 16 17 19 20 21 22 23 25
91 20
1 3 4 5 6 7 9 10 11 12 13 14 16 17 18 19 20 21 23 25
81 20
1 3 4 5 7 8 9 12 13 14 15 16 17 18 19 20 22 23 24 25
59 20
1 2 3 4 5 6 7 8 9 10 11 12 13 15 18 19 20 22 23 25
105 20
2 3 5 6 7 8 10 11 12 14 15 16 17 18 19 20 21 22 24 25
87 20
1 2 3 4 6 7 8 9 10 11 12 13 14 15 16 17 20 23 24 25
95 20
1 2 3 4 7 8 9 12 13 14 16 17 18 19 20 21 22 23 24 25
