50 50 50
59 40
1 3 4 5 6 7 8 9 10 11 12 13 14 15 17 18 19 21 22 23 25 27 28 30 31 34 35 36 37 39 40 41 42 43 44 45 47 48 49 50
73 40
1 2 4 7 8 9 10 11 12 13 14 15 16 17 18 20 21 22 23 25 26 27 28 30 31 32 33 34 35 39 40 41 42 43 44 45 46 47 49 50
55 40
3 5 6 7 8 10 11 12 13 15 16 17 18 19 20 21 23 24 25 26 27 28 29 30 31 33 34 35 36 37 39 40 41 42 43 44 45 46 47 49
46 40
1 2 5 7 8 9 10 11 12 13 14 15 17 18 21 23 24 25 26 27 28 29 30 31 32 33 34 35 36 37 39 40 42 43 45 46 47 48 49 50
44 40
1 2 3 4 5 6 8 9 10 11 12 16 17 18 19 20 21 22 23 24 26 27 28 29 30 31 34 35 36 37 38 39 40 41 43 44 45 46 48 49
74 40
1 2 3 4 5 6 7 9 10 11 12 13 14 17 18 19 20 21 22 23 24 25 26 28 29 31 32 34 36 37 38 39 40 41 42 44 45 46 49 50
72 40
1 2 3 5 6 7 8 9 10 11 12 13 14 15 16 17 19 20 21 24 25 26 27 28 30 31 33 36 38 40 41 42 43 44 45 46 47 48 49 50
26 40
1 2 3 4 5 6 7 8 9 11 12 14 15 16 17 19 20 21 22 23 24 26 27 28 29 30 32 34 35 36 37 39 41 42 43 44 45 46 47 50
66 40
1 3 4 5 6 7 9 10 11 12 13 14 15 16 17 18 19 20 21 22 24 26 27 28 29 30 31 32 34 36 37 38 39 40 41 45 46 48 49 50
65 40
1 3 4 5 6 7 8 9 10 12 13 15 17 18 19 20 21 22 23 24 25 26 27 28 29 31 33 34 35 37 38 39 40 41 42 44 46 48 49 50
39 40
1 2 3 4 5 6 7 8 9 10 12 15 19 20 21 22 23 25 26 27 28 30 31 32 33 34 35 36 37 38 39 40 42 43 44 45 47 48 49 50
64 40
1 4 5 6 7 9 10 11 12 13 14 16 17 18 19 20 21 22 23 26 28 29 30 32 33 34 35 36 37 38 39 40 41 42 43 45 46 47 49 50
74 40
1 2 4 5 6 7 8 9 10 11 12 13 14 16 17 18 20 22 23 24 25 26 27 28 30 32 33 35 36 37 38 39 40 41 44 45 46 47 49 50
31 40
2 3 4 6 7 8 10 11 12 13 15 16 17 18 19 20 21 23 24 25 26 27 28 29 30 31 32 34 35 36 37 40 41 43 45 46 47 48 49 50
67 40
1 2 4 5 6 7 8 10 11 12 13 14 15 16 18 19 20 21 22 24 25 28 29 30 31 33 34 35 36 38 39 41 42 43 44 45 46 47 48 49
72 40
1 2 3 4 5 6 7 11 12 14 15 16 17 18 19 20 21 22 23 24 25 26 27 28 29 32 34 35 36 37 38 39 41 42 43 44 47 48 49 50
66 40
1 2 3 4 5 7 8 9 11 13 14 15 16 18 19 20 21 23 24 27 28 29 31 32 33 34 35 36 37 38 39 41 42 43 44 45 47 48 49 50
27 40
1 2 3 6 7 8 9 11 12 13 14 15 17 19 20 21 22 25 26 27 28 29 30 31 32 33 34 36 38 39 40 41 43 44 45 46 47 48 49 50
54 40
1 2 3 4 5 8 9 10 11 12 13 14 15 16 17 18 19 20 21 22 23 25 26 27 28 30 31 33 34 35 37 38 40 41 42 43 44 47 48 50
35 40
1 2 3 4 5 6 7 8 9 11 12 14 15 16 19 20 21 22 24 25 26 27 28 29 31 32 33 35 36 37 38 39 40 42 44 45 46 47 49 50
41 40
1 3 4 6 7 8 9 10 11 12 14 16 17 18 20 22 23 24 25 26 28 30 31 32 33 34 35 36 37 38 39 40 41 43 44 45 47 48 49 50
33 40
1 2 3 4 5 6 7 8 9 10 11 12 13 16 17 18 19 20 21 23 24 25 26 29 30 32 34 35 36 38 39 40 41 42 43 44 45 47 48 49
69 40
1 2 3 4 5 6 7 8 9 11 12 13 14 15 16 19 20 21 22 23 25 26 27 28 30 32 33 34 36 37 39 42 43 44 45 46 47 48 49 50
29 40
1 2 3 4 5 7 8 9 12 13 14 16 17 18 19 20 22 23 25 26 28 31 32 33 34 35 36 38 39 40 41 42 43 44 45 46 47 48 49 50
57 40
1 2 4 5 6 7 8 11 12 16 17 18 19 20 21 22 23 24 26 27 28 29 30 31 32 33 34 35 36 37 38 39 40 41 42 43 44 45 47 50
27 40
1 2 3 6 7 8 9 10 12 13 14 15 16 17 18 19 21 22 26 27 28 29 31 32 33 34 35 36 37 38 39 40 41 43 44 45 46 47 49 50
68 40
1 2 3 4 5 6 7 8 9 10 11 12 13 14 15 16 17 18 21 22 23 24 27 30 31 32 33 35 36 37 39 40 41 42 43 44 46 47 49 50
72 40
1 2 3 5 6 7 8 9 10 11 13 14 15 17 18 19 20 21 22 24 25 26 27 28 30 31 32 33 37 39 40 41 42 43 45 46 47 48 49 50
71 40
2 3 5 6 7 8 9 10 11 12 13 14 16 17 18 19 20 21 22 23 24 25 26 27 29 30 31 32 34 36 37 39 41 44 45 46 47 48 49 50
39 40
1 2 4 6 7 8 9 10 11 12 14 15 16 17 18 19 20 22 23 24 25 26 27 29 30 31 32 34 35 36 38 39 40 41 42 45 47 48 49 50
41 40
1 2 4 5 6 7 9 10 11 12 13 14 15 16 17 20 22 23 24 25 26 27 29 31 32 33 34 36 37 38 39 40 41 43 44 45 46 48 49 50
74 40
2 4 5 6 7 8 9 10 11 12 16 17 18 19 20 21 22 23 24 25 26 27 28 29 31 32 33 34 35 38 40 41 42 44 45 46 47 48 49 50
30 40
1 3 4 5 7 8 9 10 11 12 13 14 15 16 17 19 21 22 23 24 25 26 27 28 29 30 31 32 33 34 35 38 39 40 42 43 44 45 47 48
30 40
3 4 5 6 7 9 10 11 12 14 15 16 17 18 19 20 21 22 23 25 26 27 28 29 30 31 32 33 34 37 38 39 40 42 43 44 47 48 49 50
62 40
1 2 3 4 5 6 7 8 10 12 14 15 16 17 18 19 20 21 22 23 26 27 28 30 32 33 34 35 36 37 40 41 42 43 44 45 47 48 49 50
27 40
1 2 3 4 5 7 8 9 10 11 12 13 14 15 17 19 21 22 23 24 25 27 28 29 30 31 32 34 35 36 39 40 41 42 43 44 45 46 48 49
31 40
1 2 4 5 6 7 8 10 11 12 13 14 15 16 17 18 20 21 22 23 24 26 27 28 29 30 31 32 33 34 36 37 38 41 43 44 45 46 49 50
43 40
1 2 3 4 5 7 9 11 12 13 14 15 16 17 18 19 20 21 22 24 26 27 28 29 30 32 33 34 35 37 38 39 40 41 42 44 45 47 48 50
42 40
1 2 4 5 6 7 8 9 10 11 12 13 14 16 17 18 19 20 21 22 24 27 28 29 31 32 33 34 35 38 39 41 42 44 45 46 47 48 49 50
44 40
1 2 3 4 5 6 7 8 10 11 12 13 14 16 17 18 19 20 21 22 24 25 26 27 28 29 31 33 35 36 38 39 40 41 43 44 47 48 49 50
37 40
1 2 3 4 5 7 9 11 12 13 14 15 16 18 19 20 22 23 24 25 26 27 28 29 31 34 35 36 37 38 39 40 41 42 44 45 46 47 48 50
51 40
1 2 3 5 6 7 8 9 10 11 12 13 15 16 17 19 20 22 24 25 26 27 29 30 31 32 33 34 35 37 39 40 41 42 43 44 45 47 48 49
50 40
2 3 4 5 7 8 9 10 11 12 13 15 16 17 18 19 20 21 22 23 24 25 26 28 29 30 31 33 34 35 36 37 39 40 41 42 45 47 48 50
26 40
1 4 5 6 7 8 9 10 12 13 14 15 17 18 21 22 23 24 27 28 30 31 32 33 34 35 36 37 38 39 40 41 42 43 44 45 46 48 49 50
52 40
1 2 3 4 5 6 7 8 9 10 11 13 14 15 16 17 19 20 21 22 24 25 26 27 30 31 32 33 34 35 36 37 39 40 41 42 44 48 49 50
69 40
1 3 4 5 6 7 9 10 11 12 13 15 16 17 18 20 21 22 23 24 25 26 27 28 29 30 31 32 33 34 35 36 39 40 42 45 46 47 49 50
26 40
1 2 3 6 7 8 9 10 11 12 13 15 16 17 18 19 20 21 22 23 24 25 26 27 28 29 30 31 32 34 35 37 38 40 41 43 44 46 48 50
45 40
1 2 3 4 5 6 7 8 10 11 12 14 16 17 18 19 20 21 22 24 25 26 27 29 31 32 33 34 35 36 37 40 41 42 43 44 46 47 48 50
32 40
1 3 4 5 6 7 8 9 11 12 13 14 15 17 19 20 21 22 23 24 25 26 28 29 30 34 35 36 37 38 39 40 41 42 43 44 46 47 48 49
40 40
1 2 4 5 6 7 9 10 11 12 14 15 17 18 20 21 22 23 24 25 26 28 29 30 31 32 33 37 38 39 40 41 42 44 45 46 47 48 49 50
